000000600005000020000078010002000000000950008800043000030400000201607300900000007
000200000010005006008009500150080900000900200000060408500000000740000830080300004
000700005207050001000009003300002100010907020005000000074000000130000000090006070
080000040600210007005004003000050000000000004100700260060103008007900000000060900
005006100300080000860000000000900004006010000000005902001050000000200403003060290
000000000040003027200400008050079200300650090600004000568000001000035000030000700
000800020600003050030050000070030010000104007000000409080000000302700640564001070
030400009200001000000060000002000105300020490040500300807000000020940003000010060
100006004050800009000410006520000001000002900049000070270001000000700800300020000
000009007050040020000503000030100500178000000020070000040006092003000064002000100
205040000000009700030008000000030060000004001650000000010800907007000020006100050
003046009089000100000000000000900507002700000090010000060000020700093060008020004
003070040001080000070100020005800070020000008000013000900200000654000200000098600
030900000700003006900040008306004000200000300094000065603027040000008000000000607
000000008900003400050090100040007080060050309007000000030400002000000905090300600
000407050000080000080500064050006020000270000900000001000090040000804506300000002
040010700000040080008200005000500090070006530001000067200700004900000800000054000
000009000800120000602050300000040000090000800700501002105000206060005100004600090
050000608006000090200080000000053900000017000000000045030205001080340020007000000
001602000800031000000009050050200080900003004600800300400300096026000000000000700
000000004001500093640001070090070400800000030006003005900007050008100000000390002
000300000005008630004000100000000710000005409000060002001007200067000000300250070
100000050000004100060500023009040300600903000034005080006080500001402800000700002
000005000090700003730000095020501007600000200000400010200000700350200080008004000
010200057300000001004000080009051030000380000000040000003100020005004009070000500
040600009000801050000007100094000020507002003060000010000000005300005070000080000
000160029000000000000008006100290060300070000009800000040700005000050098700002030
200070090000023007005800030900001006000030029000000410061000000700060800004910000
000600009000509210060020000020003000008100502900080400390000004002007300100000000
000000008000007050020090106100002000002700600706001903003800069400000000009030004
094070003000004090700900006080090004005020800000003021050000010840030070003005000
090000000000670000400308000000000003052000004800002100300004002016803500004010800
020000001600000040005009300200900000300704080008020070000006010007300800400080500
060304070003000009000012000000075490050006000007200006040000908038400700600500030
002000406000001080050460000540208000018000000209050000000007009080340070000000314
000000070003006010060012400000100005024000000700040008840003900006900000070000300
000010087001006030000000500006800003504103000000004900060070000008400000400020050
000006000921300000030000280080090050000000001003001800600020040000700608300060790
040001000000000017000060480804000600700040000010000008007080000069304020400006100
