000540002000001000100009006904000100020800059000100204005400080008020007090008000
000000060063000004200030000040600020009800600000245908004907001032000000700010000
000060083000215000000000400009002300040006070000780000074938060000000000060000804
070010000000456709300000004200000000004070105005304000000030400800005007000007001
200000001000000050105069070003020090090013860000000000060070109700000000900200005
000670054800001300000000000000000000940000000003058010000000089000040000105089030
382107009546392781719080230030801090007039810891000300100008923003910078978023100
010547006060810207078060010056490170104005960097601005700104600601950704049006001
018540006406020150500016040850471600764390081001680074005168407680754010147239865
003000090600500200000070000290100305000000109105390000042608917000040632900000458
005700614000500079790004058070040000000100020300200140520000060000000400000070030
002000300400300907738100000000050602000206000000000008004700069800500000007002004
000300809009050230380209150090080723738126495000793618910030582020910300003002901
002004050485760900000000004036500400008640000514900860050400000020800740849070006
015340000000008050009100000050030004000070060003904085530200008008003006002080030
023018006540603218681200030108062070260080001000001682812030067000806120006127800
600090034091340600234060000000409060460100009913056040740605000359014006106900450
000000080003060012050800340300000020000000130000080957030040260070638090694215873
006200357000075000075300900000000004004023570050000003921864735560002008400000620
005070006700060500036590071658107900072689105000025687061700059500910760097056310
210070000305120047047003120700050860001030500050000003070045000104200000502310000
090400700040100590652700140400070600978613425300040017000007060000001050589364271
004000007370040000865000040000400006426008010000060000000050060637980000540306800
